public/wind.json
{"header": {"parameterCategory":2,"parameterNumber":2,"nx":180,"ny":91,"lo1":0,"la1":90,"dx":2,"dy":2}, "data":
[rows 38 to 56 of 91, columns 132 to 175 of 180]
7.754979997535209,7.615382010725206,7.492990551590512,7.38840189901728,7.302125598407637,7.234581979225691,7.186100107194633,7.156916181121616,7.147172382160914,7.156916181121616,7.186100107194632,7.234581979225692,7.302125598407638,7.388401899017279,7.492990551590511,7.615382010725208,7.7549799975352105,7.911104404661123,8.082994609685002,8.26981318080631,8.470649956725477,8.684526480858281,8.91040076827793,9.147172382160914,9.393687795004602,9.64874600849726,9.911104404661122,10.179484799762244,10.452579671493192,10.729058529090295,11.00757439535091,11.286770368970915,11.565286235231522,11.841765092828632,12.114859964559585,12.383240359660709,12.645598755824563,12.900656969317222,13.147172382160916,13.3839439960439,13.609818283463543,13.823694807596347,14.024531583515516,14.211350154636822
9.162675613714633,8.983211901197325,8.819104625404048,8.671153300486457,8.540078730427542,8.426519497357063,8.331028850443598,8.254072010520225,8.19602390357538,8.15716733415112,8.13769160754783,8.13769160754783,8.157167334151119,8.19602390357538,8.254072010520227,8.3310288504436,8.426519497357063,8.540078730427544,8.67115330048646,8.819104625404046,8.983211901197322,9.162675613714637,9.356621433788227,9.564104476878057,9.78411390645432,10.015577858691389,10.257368664480648,10.508308343321014,10.767174342321537,11.032705492356213,11.303608152353176,11.578562511783948,11.856229020647705,12.13525491562421,12.414280810600715,12.69194731946448,12.966901678895253,13.237804338892209,13.50333548892689,13.762201487927413,14.013141166767774,14.254931972557033,14.486395924794103,14.706405354370366
10.527735155463944,10.313858631331147,10.113021855411978,9.926203284290667,9.754313079266787,9.598188672140875,9.458590685330872,9.336199226196175,9.231610573622946,9.145334273013304,9.077790653831357,9.029308781800298,9.000124855727282,8.99038105676658,9.000124855727282,9.0293087818003,9.077790653831357,9.145334273013304,9.231610573622948,9.336199226196177,9.458590685330872,9.598188672140877,9.754313079266794,9.926203284290668,10.113021855411976,10.313858631331144,10.527735155463947,10.753609442883596,10.99038105676658,11.236896469610269,11.491954683102932,11.754313079266788,12.022693474367903,12.295788346098858,12.572267203695969,12.850783069956583,13.129979043576588,13.408494909837195,13.684973767434306,13.958068639165251,14.226449034266368,14.48880743043023,14.743865643922888,14.990381056766577
11.825295613495452,11.583504807706198,11.352040855469127,11.13203142589286,10.924548382803025,10.73060256272944,10.55113885021213,10.387031574418849,10.239080249501262,10.10800567944235,9.994446446371866,9.898955799458399,9.82199895953503,9.763950852590183,9.725094283165921,9.70561855656263,9.70561855656263,9.72509428316592,9.763950852590181,9.821998959535026,9.898955799458395,9.994446446371862,10.108005679442345,10.239080249501257,10.387031574418842,10.55113885021212,10.730602562729432,10.924548382803023,11.132031425892851,11.352040855469113,11.58350480770619,11.825295613495443,12.076235292335802,12.335101291336331,12.600632441371014,12.871535101367977,13.14648946079875,13.424155969662506,13.703181864639012,13.982207759615509,14.259874268479267,14.534828627910047,14.805731287907003,15.071262437941678
13.029779766927515,12.767421370763659,12.512363157271,12.265847744427306,12.029076130544315,11.803201843124672,11.589325318991875,11.3884885430727,11.201669971951395,11.029779766927518,10.873655359801601,10.734057372991595,10.6116659138569,10.507077261283673,10.420800960674029,10.35325734149208,10.304775469461022,10.275591543388007,10.265847744427303,10.275591543388005,10.30477546946102,10.35325734149208,10.420800960674027,10.50707726128367,10.611665913856896,10.73405737299159,10.873655359801596,11.029779766927511,11.201669971951388,11.388488543072693,11.589325318991866,11.803201843124665,12.029076130544308,12.265847744427298,12.512363157270991,12.767421370763657,13.029779766927511,13.298160162028626,13.57125503375958,13.847733891356684,14.126249757617291,14.405445731237304,14.68396159749791,14.960440455095014
14.115521607166825,13.840567247736052,13.569664587739096,13.304133437704413,13.045267438703885,12.794327759863524,12.55253695407427,12.321073001837194,12.101063572260932,11.893580529171102,11.699634709097511,11.520170996580198,11.35606372078692,11.208112395869334,11.077037825810418,10.963478592739936,10.86798794582647,10.791031105903102,10.732982998958253,10.694126429533993,10.674650702930702,10.674650702930702,10.694126429533991,10.732982998958253,10.791031105903098,10.867987945826467,10.963478592739934,11.077037825810416,11.208112395869328,11.356063720786914,11.520170996580195,11.699634709097504,11.89358052917109,12.101063572260923,12.321073001837192,12.552536954074267,12.79432775986352,13.045267438703881,13.30413343770441,13.569664587739085,13.840567247736042,14.115521607166821,14.393188116030577,14.672214011007076
15.057426417334105,14.778230443714099,14.499714577453492,14.223235719856381,13.950140848125427,13.681760453024312,13.419402056860456,13.16434384336779,12.917828430524104,12.681056816641119,12.455182529221469,12.241306005088667,12.040469229169497,11.853650658048192,11.68176045302431,11.525636045898395,11.386038059088392,11.263646599953699,11.159057947380466,11.072781646770824,11.005238027588879,10.95675615555782,10.927572229484802,10.9178284305241,10.927572229484802,10.956756155557818,11.005238027588877,11.072781646770824,11.159057947380465,11.263646599953693,11.386038059088392,11.525636045898393,11.681760453024305,11.853650658048185,12.040469229169496,12.241306005088669,12.455182529221467,12.68105681664111,12.9178284305241,13.164343843367789,13.419402056860447,13.681760453024308,13.950140848125423,14.22323571985637
15.831646763271037,15.556692403840264,15.279025894976506,15.000000000000002,14.720974105023496,14.44330759615974,14.168353236728967,13.897450576732004,13.631919426697328,13.373053427696805,13.122113748856439,12.880322943067178,12.648858990830108,12.428849561253847,12.221366518164011,12.02742069809042,11.847956985573113,11.683849709779835,11.535898384862245,11.404823814803333,11.291264581732852,11.195773934819385,11.118817094896013,11.060768987951167,11.021912418526908,11.002436691923617,11.002436691923617,11.021912418526906,11.060768987951167,11.118817094896013,11.195773934819385,11.291264581732849,11.40482381480333,11.535898384862243,11.683849709779834,11.847956985573115,12.027420698090424,12.22136651816401,12.428849561253845,12.648858990830107,12.880322943067176,13.122113748856435,13.373053427696796,13.631919426697317
16.416254804187748,16.15389640802389,15.885516012922775,15.612421141191822,15.335942283594711,15.057426417334105,14.778230443714099,14.499714577453485,14.223235719856381,13.950140848125434,13.681760453024312,13.41940205686045,13.16434384336779,12.917828430524104,12.681056816641114,12.455182529221464,12.241306005088667,12.040469229169497,11.853650658048187,11.68176045302431,11.525636045898398,11.386038059088392,11.263646599953695,11.159057947380466,11.072781646770824,11.005238027588879,10.95675615555782,10.927572229484802,10.9178284305241,10.927572229484802,10.95675615555782,11.005238027588877,11.072781646770823,11.159057947380465,11.263646599953697,11.386038059088394,11.525636045898397,11.68176045302431,11.853650658048188,12.040469229169496,12.241306005088664,12.455182529221467,12.68105681664111,12.917828430524095
16.791891067939904,16.55010026215065,16.29916058331029,16.04029458430976,15.774763434275078,15.503860774278122,15.22890641484735,14.951239905983584,14.672214011007087,14.393188116030588,14.115521607166825,13.840567247736045,13.569664587739089,13.304133437704413,13.045267438703885,12.794327759863519,12.552536954074263,12.321073001837194,12.101063572260927,11.893580529171096,11.699634709097511,11.520170996580198,11.356063720786917,11.20811239586933,11.077037825810418,10.963478592739937,10.86798794582647,10.791031105903098,10.732982998958253,10.694126429533993,10.674650702930702,10.674650702930702,10.694126429533991,10.732982998958253,10.7910311059031,10.867987945826473,10.963478592739936,11.077037825810416,11.208112395869332,11.356063720786919,11.520170996580195,11.69963470909751,11.893580529171095,12.101063572260923
16.942370169862734,16.728493645729934,16.50261935831029,16.2658477444273,16.01933233158361,15.764274118090949,15.501915721927094,15.23353532682597,14.960440455095025,14.683961597497921,14.405445731237307,14.126249757617295,13.847733891356688,13.571255033759584,13.29816016202863,13.029779766927508,12.767421370763653,12.512363157270993,12.265847744427301,12.029076130544315,11.803201843124672,11.58932531899187,11.388488543072695,11.20166997195139,11.029779766927515,10.873655359801601,10.734057372991595,10.611665913856898,10.50707726128367,10.420800960674029,10.35325734149208,10.304775469461022,10.275591543388007,10.265847744427303,10.275591543388007,10.304775469461022,10.353257341492082,10.420800960674027,10.507077261283671,10.6116659138569,10.734057372991593,10.8736553598016,11.029779766927511,11.201669971951388
16.8552248790659,16.67576116654859,16.481815346475003,16.27433230338517,16.0543228738089,15.822858921571832,15.581068115782577,15.33012843694221,15.071262437941689,14.805731287907014,14.53482862791005,14.25987426847927,13.982207759615513,13.703181864639015,13.42415596966251,13.146489460798746,12.871535101367973,12.600632441371017,12.335101291336334,12.076235292335813,11.825295613495452,11.583504807706191,11.352040855469117,11.132031425892855,10.924548382803025,10.73060256272944,10.551138850212126,10.387031574418845,10.239080249501258,10.108005679442346,9.994446446371864,9.898955799458399,9.82199895953503,9.763950852590181,9.72509428316592,9.70561855656263,9.70561855656263,9.72509428316592,9.763950852590181,9.821998959535028,9.898955799458399,9.994446446371864,10.108005679442345,10.239080249501257
16.522171428202288,16.382573441392285,16.226449034266373,16.054558829242495,15.867740258121184,15.666903482202017,15.453026958069218,15.22715267064957,14.990381056766585,14.743865643922899,14.488807430430233,14.226449034266372,13.958068639165255,13.68497376743431,13.408494909837199,13.129979043576585,12.850783069956579,12.572267203695972,12.295788346098862,12.022693474367914,11.7543130792668,11.491954683102936,11.23689646961027,10.990381056766584,10.753609442883599,10.527735155463954,10.313858631331152,10.113021855411978,9.926203284290672,9.754313079266796,9.598188672140878,9.458590685330876,9.33619922619618,9.231610573622948,9.145334273013304,9.077790653831357,9.0293087818003,9.000124855727282,8.99038105676658,9.000124855727282,9.029308781800298,9.077790653831357,9.145334273013303,9.231610573622943
15.939480980804827,15.843990333891364,15.730431100820883,15.59935653076197,15.45140520584438,15.287297930051102,15.107834217533794,14.913888397460203,14.706405354370375,14.486395924794111,14.254931972557037,14.013141166767776,13.762201487927417,13.503335488926894,13.237804338892213,12.96690167889525,12.691947319464477,12.414280810600719,12.135254915624214,11.856229020647715,11.578562511783959,11.30360815235318,11.032705492356216,10.76717434232154,10.508308343321017,10.257368664480659,10.015577858691397,9.784113906454321,9.56410447687806,9.356621433788229,9.162675613714638,8.983211901197329,8.819104625404051,8.671153300486461,8.540078730427545,8.426519497357063,8.331028850443598,8.254072010520229,8.19602390357538,8.15716733415112,8.13769160754783,8.13769160754783,8.157167334151119,8.196023903575378
15.108244657127194,15.059762785096137,14.992219165914191,14.90594286530455,14.801354212731317,14.678962753596622,14.53936476678662,14.383240359660704,14.211350154636829,14.024531583515524,13.82369480759635,13.609818283463547,13.383943996043904,13.14717238216092,12.900656969317225,12.64559875582456,12.383240359660705,12.114859964559589,11.841765092828636,11.565286235231532,11.286770368970926,11.007574395350913,10.729058529090299,10.452579671493195,10.179484799762248,9.911104404661133,9.64874600849727,9.393687795004604,9.147172382160917,8.910400768277933,8.684526480858283,8.470649956725486,8.269813180806317,8.082994609685006,7.911104404661125,7.754979997535209,7.615382010725206,7.492990551590512,7.38840189901728,7.302125598407639,7.234581979225693,7.186100107194633,7.156916181121617,7.147172382160914
14.034522403459256,14.034522403459256,14.015046676855967,13.976190107431705,13.918142000486858,13.841185160563487,13.745694513650024,13.63213528057954,13.50106071052063,13.353109385603043,13.189002109809762,13.009538397292449,12.815592577218863,12.608109534129035,12.388100104552766,12.156636152315691,11.914845346526436,11.663905667686077,11.405039668685548,11.139508518650873,10.868605858653916,10.593651499223137,10.315984990359372,10.036959095382874,9.757933200406375,9.480266691542619,9.20531233211184,8.934409672114876,8.6688785220802,8.410012523079677,8.159072844239311,7.9172820384500575,7.685818086212987,7.465808656636719,7.258325613546884,7.064379793473293,6.884916080955985,6.720808805162708,6.572857480245117,6.441782910186205,6.328223677115725,6.232733030202259,6.155776190278888,6.097728083334042
12.72936918732232,12.777851059353377,12.807034985426395,12.816778784387097,12.807034985426395,12.777851059353377,12.72936918732232,12.661825568140372,12.575549267530732,12.470960614957503,12.348569155822805,12.2089711690128,12.052846761886887,11.880956556863012,11.694137985741701,11.493301209822526,11.27942468568973,11.053550398270087,10.816778784387097,10.570263371543408,10.31520515805075,10.052846761886888,9.784466366785765,9.511371495054819,9.234892637457715,8.956376771197109,8.677180797577096,8.398664931316482,8.122186073719378,7.849091201988431,7.580710806887309,7.3183524107234526,7.063294197230794,6.8167787843871,6.58000717050411,6.354132883084461,6.140256358951664,5.939419583032494,5.7526010119111834,5.580710806887308,5.424586399761395,5.284988412951389,5.162596953816695,5.058008301243466
11.208735418267153,11.304226065180616,11.381182905103987,11.439231012048834,11.478087581473096,11.497563308076385,11.497563308076385,11.478087581473094,11.439231012048834,11.381182905103989,11.304226065180616,11.20873541826715,11.09517618519667,10.964101615137759,10.816150290220168,10.652043014426887,10.472579301909578,10.278633481835993,10.071150438746159,9.851141009169895,9.619677056932826,9.377886251143565,9.126946572303199,8.868080573302677,8.602549423268002,8.331646763271046,8.056692403840266,7.779025894976502,7.5000000000000036,7.2209741050235055,6.943307596159741,6.668353236728969,6.397450576732012,6.13191942669733,5.8730534276968,5.622113748856434,5.38032294306718,5.14885899083011,4.928849561253843,4.721366518164013,4.5274206980904275,4.347956985573114,4.183849709779837,4.03589838486225
9.493242030762712,9.632840017572713,9.755231476707408,9.859820129280639,9.946096429890282,10.01364004907223,10.062121921103287,10.091305847176303,10.101049646137007,10.091305847176303,10.062121921103287,10.013640049072228,9.946096429890282,9.85982012928064,9.755231476707408,9.632840017572711,9.493242030762708,9.337117623636797,9.165227418612917,8.978408847491611,8.777572071572441,8.56369554743964,8.33782126001999,8.101049646137005,7.854534233293317,7.599476019800659,7.3371176236367965,7.068737228535674,6.795642356804728,6.5191634992076235,6.2406476329470095,5.961451659327005,5.682935793066398,5.406456935469286,5.133362063738334,4.864981668637211,4.602623272473355,4.347565058980697,4.101049646137003,3.8642780322540187,3.6384037448343753,3.4245272207015724,3.223690444782403,3.0368718736610973
