public/wind.json
{"header": {"parameterCategory":2,"parameterNumber":3,"nx":180,"ny":91,"lo1":0,"la1":90,"dx":2,"dy":2}, "data":
[rows 57 to 75 of 91, columns 0 to 42 of 180]
1.2360679774997898,2.770612220821133,4.2512296487888825,5.649101727345009,6.937020466536341,8.089917993090367,9.085354468054218,9.903954852734927,10.529786021788823,10.95066688338267,11.158405470290433,11.148958387217093,10.922509510888773,10.483466411101423,9.840374562388284,9.005751016078419,7.9958407701305365,6.830300578726132,5.531816355908583,4.125661620071114,2.6392055736694933,1.1013803928282409,-0.45788190455778044,-2.0082320515045313,-3.5194942458988523,-4.962253488162121,-6.308428110757995,-7.53181635590858,-8.608606363005533,-9.517839639391184,-10.241818993578207,-10.766452990951668,-11.081530227515017,-11.18091808325359,-11.06268208660745,-10.729123566759862,-10.18673486088246,-9.446072948177145,-8.521553970284291,-7.43117263748382,-6.196151982128315,-4.840530276459109,-3.39069315498019
0.8316467632710369,2.368784209685872,3.859815965911274,5.2757207948358,6.5889397195323065,7.7739124273959614,8.807574772554679,9.66980769323343,10.34382880640662,10.816519057793979,11.078678069329449,11.125203214054945,10.955188932949952,10.571944360607803,9.982928916694897,9.199607116831864,8.237225428837691,7.114515517576242,5.8533296544066316,4.478215387577794,3.0159377521242545,1.4949583189039624,-0.055118777503907035,-1.6041230496043433,-3.12190489120716,-4.57892240521681,-5.946816403055951,-7.198962384013004,-8.31098875086359,-9.261251175288201,-10.031253880102897,-10.606009638523561,-10.974331483487518,-11.129050449242431,-11.067155107110098,-10.789850179520217,-10.302533091458642,-9.614688915729522,-8.739705756802275,-7.694614166586819,-6.49975566411264,-5.1783868109990046,-3.7562265489369437
0.41811385307061383,1.9507480182658883,3.4454130922285993,4.873017119450386,6.205773411416889,7.417741382892791,8.48533145590645,9.387764204052365,10.107474800389909,10.630454896820044,10.9465252806468,11.04953400137372,10.93747611142254,10.612532690157197,10.081028391654959,9.353308342508994,8.44353678570664,7.369421389751243,6.151868589036932,4.814576663883819,3.383574480467988,1.8867148685487745,0.35313249781961764,-1.187323195297335,-2.7046689929779473,-4.169371485225625,-5.552921904103156,-6.828391014472361,-7.9709532609245235,-8.958369968977738,-9.771422195579605,-10.394284803972525,-10.814834481979844,-11.024885708487318,-11.020350075300705,-10.801315863360779,-10.372046324455226,-9.74089670187198,-8.920151605092574,-7.925785903842099,-6.777153795421178,-5.496612097270576,-4.109085096950176
2.4492935982947064e-16,1.520911931479247,3.0122210422239304,4.444900696732376,5.791065415178531,7.024513632557513,8.121237682344589,9.059891078415774,9.822204000118953,10.39333889355127,10.762179267668378,10.921546064137795,10.868337389543289,10.603588890211867,10.132453594536065,9.464101615137755,8.611541663056817,7.591367847987934,6.4234366928109115,5.130480648959266,3.737665635110867,2.27210121120668,0.762312921703181,-0.762312921703174,-2.272101211206678,-3.737665635110865,-5.1304806489592645,-6.42343669281091,-7.591367847987936,-8.61154166305682,-9.464101615137753,-10.132453594536063,-10.603588890211867,-10.868337389543289,-10.921546064137795,-10.76217926766838,-10.39333889355127,-9.822204000118953,-9.059891078415777,-8.121237682344592,-7.024513632557515,-5.791065415178541,-4.444900696732376
-0.4181138530706142,1.0838018532529599,2.564622589309301,3.9955258638796938,5.348660772352977,6.597690082903862,7.718302860752262,8.688687652855496,9.489957023031618,10.106515174420545,10.526361503930001,10.741324180324202,10.747219199623556,10.543931821982884,10.135418804972002,9.52963138979035,8.738360539401473,7.777007440850934,6.664283738679085,5.421847334044244,4.073880838312162,2.6466208860331037,1.1678474686940534,-0.3336567712163201,-1.828666761603925,-3.2880838335545204,-4.683502093824902,-5.987761313243649,-7.175475569677657,-8.223527356130376,-9.111517536719733,-9.82216239265443,-10.341630030160237,-10.659809602558779,-10.77050810639722,-10.671570921216023,-10.364923746785365,-9.856535121549548,-9.156300251815296,-8.277848412816622,-7.238277670375483,-6.0578220864993115,-4.759457886379903
-0.8316467632710383,0.6440119433026209,2.107135689952622,3.529246437229018,4.882664417063072,6.141046887967452,7.2799008665348435,8.277059855499637,9.113115289393168,9.771794300193662,10.240276450192157,10.509443267229479,10.574055725384714,10.432856216655448,10.088593028867042,9.547966853376222,8.821500363735755,7.92333340382311,6.870947771863216,5.684826957111255,4.388057452033941,3.005879399994158,1.565195324570633,0.09404650253763458,-1.3789328276909525,-2.8250727989413784,-4.21622594163309,-5.525315042256836,-6.726860170535764,-7.7974746172852445,-8.716320090105182,-9.465512307038374,-10.030469093775732,-10.400194209092234,-10.567491374174326,-10.52910434000139,-10.285780266529002,-9.842255180070268,-9.207161791930801,-8.392861472502709,-7.4152036512507795,-6.293217325596398,-5.048740683127875
-1.2360679774997894,0.2061545200247048,1.6443644543142089,3.0505687049373305,4.397397105689318,5.658635173744136,6.809734344744131,7.828289782681692,8.694476464547,9.391435051850298,9.905600038468364,10.22696378779069,10.349271319982554,10.270142058052604,9.991116163076104,9.517624556711517,8.858883214488014,8.027713787324801,7.040294042680404,5.9158429827110135,4.676246768254805,3.3456327296063755,1.9498997554769877,0.5162142005853381,-0.9275188765357596,-2.3531988537621733,-3.733076492024129,-5.040294042680403,-6.249408003045405,-7.33688434522737,-8.281556579211724,-9.065037734512718,-9.67207824163901,-10.090862747617736,-10.313240088400331,-10.334881941998939,-10.155367074350508,-9.778189538158676,-9.210690665132336,-8.463916175314537,-7.552401184706193,-6.4938872957665685,-5.30897727730215
-1.6269465723031995,-0.22519022191339078,1.180949199995881,2.564102789037038,3.897349033913282,5.154737813013225,6.31179548401022,7.346001235471908,8.237225428837691,8.968121398936198,9.52446308709131,9.89542193517237,10.073777651160924,10.05605874392187,9.842610091829659,9.437586230103022,8.848870487502657,8.087921546304043,7.169550412081026,6.111632134329572,4.934757888961904,3.6618341944894937,2.3176370626960097,0.9283297617502326,-0.47904642204856396,-1.877098512149414,-3.238615014879186,-4.5370955602143095,-5.747266701339572,-6.845573833542238,-7.81063965779982,-8.623680265589265,-9.268870746299926,-9.733653201118065,-10.008981168242853,-10.089495701975128,-9.973629678499716,-9.663638298167916,-9.165555190587922,-8.489074976887636,-7.647364574941896,-6.656806920293194,-5.536682090946613
-1.9999999999999991,-0.6455241286868904,0.7215161355182954,2.0745129088580576,3.387131648150356,4.633823722716555,5.790323689416434,6.834121591897401,7.744901091290175,8.504934900635403,9.099429826359824,9.516814700962168,9.74896560262656,9.791363978119836,9.64318459129046,9.307311585351506,8.7902823463137,8.102160260202869,7.256338840697889,6.269281039621818,5.160198814310993,3.9506791887187567,2.664264086549085,1.3259921144902167,-0.03808878578353325,-1.4014283311673585,-2.73749066818611,-4.020270863198098,-5.224801058848267,-6.327636445011071,-7.307311585351505,-8.14475821762681,-8.823676395721165,-9.330851749555947,-9.656412687772175,-9.794022537027546,-9.741002878135191,-9.498385678446484,-9.07089320578039,-8.466846114851869,-7.698001495192468,-6.779324032776067,-5.72869473942846
-2.351141009169892,-1.0504800925506372,0.27062722416671914,1.5864670897995763,2.8714281781090527,4.1005001831327785,5.249760616341651,6.296840430667628,7.221359408560488,8.005322839740295,8.633471767764327,9.093579988257405,9.376692018072976,9.477297403585844,9.393437975403929,9.126745961908107,8.682412219783401,8.069085199898133,7.298702615045224,6.386259085941633,5.3495142879922275,4.208647279409366,2.985863738798131,1.7049637568808522,0.39087859480341347,-0.9308145745040626,-2.2343904969047026,-3.4944765498646078,-4.686546591689564,-5.787398334975018,-6.775604952738211,-7.631932127232762,-8.339712424064853,-8.8851697048448,-9.257687264050684,-9.450014471125005,-9.458407895751018,-9.282704169465756,-8.926323165441337,-8.396201434543709,-7.702657193260265,-6.85918949135271,-5.8822154682083685
-2.6765224254354316,-1.4358696086259901,-0.16726922316211712,1.1045868674646862,2.354943431165228,3.55946369968659,4.694703056123499,5.738565357718542,6.67073301214694,7.473062436340232,8.129937200692693,8.628571985100173,8.959261430672836,9.115569043506284,9.094452473713986,8.896322731307206,8.525036186352652,7.987819509115679,7.295129011143794,6.460447125056253,5.5000199843291755,4.432541210787136,3.2787880645180247,2.0612170381392163,0.803526766712654,-0.4698032392298199,-1.733989059513949,-2.9644247551379572,-4.137161294886389,-5.2293726959810805,-6.219800305871772,-7.08916657772666,-7.820550285953564,-8.39971587860848,-8.81539055622148,-9.059483684015763,-9.127244266910637,-9.017353422236566,-8.731950050286153,-8.276589203052886,-7.660133961462875,-6.89458292558623,-5.994836675534877
-2.9725793019095765,-1.7977283625489995,-0.5878866854971114,0.633397537176785,1.8423533972685553,3.015449944128423,4.129854187849301,5.163875517443207,6.097387883911422,6.912221530895219,7.5925166483155975,8.125032065536196,8.499402975688124,8.708342674845872,8.747784389430722,8.616960431332561,8.318417140085728,7.857965321266379,7.244567145771654,6.490161711357473,5.609432661681244,4.619522385880471,3.539698361467368,2.390978134795513,1.1957202384271775,-0.022810992270531072,-1.2408982329508131,-2.4348328010275226,-3.5813761182134973,-4.6582120230134,-5.644381129422983,-6.520688777536726,-7.270078635769268,-7.8779646829484395,-8.33251510862603,-8.624882605809665,-8.749376573729773,-8.703573878910575,-8.488366018706932,-8.107941769322396,-7.569705656045068,-6.884133832585389,-6.0645701746605996
-3.2360679774997894,-2.1323593498805944,-0.9871467730387851,0.17727949287741396,1.338255215117187,2.4731833218374506,3.5599737284024795,4.5774732957542525,5.505877552202868,6.327116164940745,7.025204658516017,7.586555534465134,8.000242736514902,8.258214313839643,8.355449143125046,8.290054659022056,8.06330369077861,7.679609688066162,7.146440818202057,6.474174606767594,5.675895950876863,4.767142436538266,3.765601917216604,2.690768239885017,1.5635618194675727,0.4059224467594009,-0.7596177446450028,-1.9103728407022658,-3.0239447024321615,-4.078658920215331,-5.053986681522264,-5.930944340898013,-6.692462915027379,-7.323720311079471,-7.812429821884781,-8.149079272714312,-8.327116164940746,-8.343075212970856,-8.196645792087882,-7.890677984408318,-7.4311271052754195,-6.826937789820137,-6.089869895812635
-3.464101615137755,-2.4363730552366167,-1.3612232651485732,-0.2595788125729266,0.847118046322928,1.9373267160296035,2.9898275248852393,3.9841347418473885,4.900895307945576,5.722265521560389,6.432258345778587,7.017054577881629,7.465271824407484,7.768186046492088,7.919901363362385,7.917464808949109,7.760923808012377,7.453325253072668,7.0006562001137205,6.411727337347959,5.698001495192467,4.873370535313689,3.953884961341855,2.957441514074985,1.9034348317765046,0.8123799556025246,-0.2944869723387553,-1.395622046337424,-2.469592924700687,-3.4954959859049666,-4.453363193811352,-5.324550752775758,-6.092101987924096,-6.741077387540793,-7.258845383670887,-7.635328211222069,-7.863198060198929,-7.938019703189242,-7.858336822020558,-7.625700353336893,-7.244638301381112,-6.722567605542879,-6.069649778070058
-3.654181830570404,-2.7067242513239385,-1.706583363378656,-0.6732257714750105,0.3732353942874296,1.4124319576490354,2.42413713957254,3.388659249489394,4.287224961657701,5.102344716593455,5.8181531354518095,6.420717821579697,6.898310538768809,7.241635488032721,7.444010239760356,7.5014957996072,7.412973276539693,7.180165660776464,6.807604287743609,6.30254064078493,5.674805209287093,4.936616149385733,4.102341471454225,3.188219383125121,2.2120422310492813,1.1928101931068111,0.15036146155700125,-0.8950138848083844,-1.9229688039691832,-2.913495322705316,-3.847313969036794,-4.706249025215753,-5.473582297397809,-6.134378516268599,-6.67577603507236,-7.087237166936126,-7.360753288958273,-7.491000720943617,-7.475444344782819,-7.314386947642735,-7.0109633285586215,-6.571079283136703,-6.0032966539604224
-3.804226065180614,-2.940745015115564,-2.0200257083791664,-1.0599888989743542,-0.07932061137050894,0.9028915617078068,1.8675299775614076,2.795819046685642,3.6696906782631675,4.47213595499958,5.187536192351176,5.801966938453617,6.303468997738634,6.682281203072381,6.9310304057705325,7.044874985550594,7.021599087163439,6.8616557494952275,6.568158087680825,6.146818699858805,5.605838477946672,4.955746986608064,4.209197517253779,3.3807208061173606,2.486442210002785,1.5437678445565999,0.5710457940260167,-0.4127910133303172,-1.3885933131549977,-2.337368223640599,-3.2406489203699786,-4.080854072047873,-4.841630041116062,-5.508169188706471,-6.067498088488297,-6.508730039654477,-6.823276964169471,-7.005016563939419,-7.0504114843805255,-6.958578165002365,-6.731304036907776,-6.373012732479638,-5.890677984408316
-3.9125904029352228,-3.1361735998565425,-2.2987147450012513,-1.4165140223837773,-0.5067424655814237,0.4128922569024631,1.324490501263723,2.2103090446035014,3.0531064365793448,3.8364785846242704,4.545178040949193,5.165410776770433,5.685104667389509,6.094144462368561,6.384568667374191,6.550724505608601,6.589377942680025,6.499776633403498,6.283664565344112,5.945248114082807,5.491114170900375,4.930101936431161,4.2731308756771496,3.5329881830424115,2.724079894139245,1.8621504886916114,0.9639764421463815,0.047039690661725864,-0.8708126348948078,-1.7717155830478049,-2.6381341026733764,-3.4532043428234807,-4.201061888402247,-4.867150542960334,-5.438505648501384,-5.904006427802836,-6.254592437694884,-6.483439920280649,-6.586094619621754,-6.5605584787635145,-6.407328529640805,-6.1293872189168175,-5.732144358051235
-3.9780875814730936,-3.2911788470094945,-2.540211059949308,-1.7398009540544612,-0.9055276015831986,-0.053629184369498706,0.7993130639156605,1.6366975926168357,2.442225664393642,3.2002185916035444,3.8959229041225787,4.515797508859487,5.047777251729978,5.481507752157069,5.808546939311073,6.022529367415602,6.119290111909008,6.096945834963439,5.955931442513403,5.698991619306447,5.3311274067365755,4.859498863262122,4.293285702012302,3.6435086181129166,2.9228147833915874,2.14523168356408,1.3258940891808697,0.4807494745339298,-0.3737523817903936,-1.2209795731402004,-2.0444417859425075,-2.828111264899512,-3.5567347750141316,-4.216130488458942,-4.79346401772325,-5.277498222367075,-5.658811927177783,-5.929983294629137,-6.0857342825065555,-6.1230333749951305,-6.041154587686658,-5.841691598040359,-5.528526726263908
-4,-3.404379871126019,-2.7424973604852787,-2.027235258267202,-1.2725153276928838,-0.49302733372975416,0.29605687647414447,1.079378676337181,1.841691598040359,2.5681580876808257,3.2446383013811118,3.8579653212663803,4.396201434543708,4.8488704875026585,5.207161791930799,5.464101615137755,5.614688915729522,5.655992683190594,5.587208986669683,5.409676622579273,5.126851056446309,4.74423716620626,4.269282096015799,3.711230306062798,3.080943639664186,2.390689909840958,1.6539041202921436,0.8849269683298973,0.09872571951861397,-0.6893971131242576,-1.4641016151377535,-2.2103090446035014,-2.913495322705316,-3.5599737284024817,-4.13716129488639,-4.633823722716554,-5.040294042680404,-5.348660772352979,-5.552921904103155,-5.649101727345011,-5.63532821122207,-5.511869441558526,-5.281128402873605
