public/wind.json
{"header": {"parameterCategory":2,"parameterNumber":3,"nx":180,"ny":91,"lo1":0,"la1":90,"dx":2,"dy":2}, "data":
[rows 0 to 18 of 91, columns 86 to 128 of 180]
-2.119677056932831,-1.6269465723032057,-1.1025494232679942,-0.5566924038402653,-9.799650315725178e-15,0.55669240384026,1.102549423267989,1.6269465723032006,2.1196770569328147,2.571150438746159,2.972579301909574,3.3161502902201687,3.595176185196667,3.804226065180616,3.9392310120488325,3.9975633080763835,3.978087581473094,3.881182905103988,3.7087354182671497,3.4641016151377504,3.1520430144268867,2.7786334818359926,2.351141009169901,1.8778862511435779,1.36808057330267,0.8316467632710383,0.27902589497650837,-0.27902589497648783,-0.831646763271032,-1.3680805733026773,-1.8778862511435597,-2.3511410091698846,-2.7786334818359775,-3.1520430144268916,-3.4641016151377544,-3.7087354182671475,-3.8811829051039832,-3.9780875814730945,-3.9975633080763835,-3.9392310120488334,-3.804226065180618,-3.5951761851966633,-3.3161502902201643
-2.610597226220234,-2.1135592330704887,-1.5753832135870196,-1.0065441518229374,-0.4181138530706261,0.17845455623426076,0.7715495505910822,1.3496272105702687,1.90143591207389,2.416235326400298,2.8840054685252596,3.295641724712986,3.6431320634660636,3.9197129806050834,4.120001143184051,4.240098169942784,4.277666508863762,4.231974934963243,4.1039127827538024,3.8959726363596583,3.6122018142019696,3.2581235925495045,2.840629701228722,2.3678461839419174,1.8489752340697718,1.2941160844446393,0.7140684372710203,0.12012226020673045,-0.4761619600154522,-1.0631782293121355,-1.6295009437225563,-2.1641072757932682,-2.656591721376206,-3.0973686309308723,-3.4778587832890446,-3.79065637043623,-4.029673143140588,-4.190256911798985,-4.2692820960157984,-4.265210560470074,-4.1781215529699045,-4.009710161983993,-3.76325432367278
-3.074355875771911,-2.578121120877827,-2.0317061709351547,-1.4457463714067433,-0.8316467632710378,-0.20136009687243336,0.4328458147680766,1.0586268749789578,1.6638029672385963,2.236595027288746,2.7658543092218566,3.2412793831386217,3.653616640763236,3.994840406402733,4.258309147595205,4.438894744984605,4.533082305330812,4.539038574908453,4.456647621705354,4.287513091907291,4.034926996749116,3.703805637260652,3.30059391405937,2.833139884690864,2.3105420101156917,1.742972063516212,1.1414771483017132,0.5177646788065476,-0.11602549121299512,-0.7475573570231312,-1.3645388692127027,-1.9549611844529922,-2.507332403973293,-3.0109012502986046,-3.4558663286362514,-3.8335668998766894,-4.136651452028736,-4.359220789038334,-4.49694285192945,-4.5471370374044415,-4.508826372738072,-4.382756531440337,-4.171381319569783
-3.5073109432456966,-3.016646875478292,-2.467267207664674,-1.8698649901287023,-1.2360679774997927,-0.5782123076953194,0.09089760697167612,0.7582383031134649,1.4108207531684516,2.0359431820478338,2.6214382927396853,3.155910088905223,3.6289556849847417,4.03136778653196,4.355313899727205,4.594488781960396,4.744237166206259,4.801644370501709,4.7655930289148625,4.636784839801914,4.417726908046805,4.112682947116443,3.7275902907279694,3.2699443294015955,2.7486526212099527,2.1738615162924857,1.5567586696911986,0.9093552863711275,0.2442523367781343,-0.4256047067173162,-1.087177838714708,-1.7275902907279639,-2.3343771628370305,-2.895728038786155,-3.400716862302118,-3.839514600351478,-4.203580554088113,-4.4858285938414415,-4.680765082570037,-4.784595803257775,-4.795299809032164,-4.712668758596425,-4.5383109713558705
-3.906154348314665,-3.4254337010371505,-2.8780408831420417,-2.2746302731795423,-1.626946572303206,-0.9475962070212695,-0.249801959444389,0.4528543991275608,1.1466964619347526,1.818219382458275,2.454352730896126,3.0427148952119385,3.5718540751293464,4.031471178398174,4.412620280909956,4.7078827489350035,4.911511634389288,5.019543532641866,5.029875725677714,4.94230710911208,4.758542106458594,4.482157494464313,4.118532785218862,3.674745520070742,3.159433513335508,2.5826267270655645,1.9555520492476397,1.2904147751986101,0.6001610453753756,-0.10177413652300604,-0.8017284006203476,-1.4860779333521357,-2.14150264949982,-2.7552454524981655,-3.31536053680887,-3.810945899437318,-4.232355535019918,-4.571387184346431,-4.821441982005484,-4.977652895793771,-5.036979457961683,-4.998266944459582,-4.862268850327958
-4.267946487793287,-3.801100592383612,-3.2602705976310373,-2.655983144198401,-2.000000000000007,-1.3050891307678794,-0.5847761861222536,0.1469187618131912,0.8757541031675729,1.587543887059323,2.2684339349938547,2.9051714966890896,3.4853631997848824,3.9977162727387405,4.432258345778588,4.780531551737001,5.0357571488148976,5.1929674610799745,5.249102568628064,5.203069865443482,5.055765325732297,4.810056064803551,4.470724533931087,4.0443754353794406,3.539307169386994,2.965350315244665,2.3336762902520984,1.6565799107872141,0.9472400876905609,0.2194633137566543,-0.5125850639437225,-1.2346565564312844,-1.9326968634489294,-2.5931194244296565,-3.2030698654434704,-3.750676194964412,-4.225279878681296,-4.617643295744286,-4.920129538547003,-5.126851056446304,-5.233784250238523,-5.238847786941192,-5.141943110572086
-4.590146700056181,-4.140624040573192,-3.6105088440304858,-3.010119199731643,-2.35114100916989,-1.6464005332479017,-0.9096147436990961,-0.15512433783562096,0.6023853868125363,1.3481703651095782,2.0677147407708216,2.7470134009936205,3.3728445700475227,3.9330271560992838,4.4166578423096405,4.814323307493276,5.118283445708152,5.322622018613455,5.423361808319253,5.418542029408736,5.308256493395987,5.094651782791551,4.781885470315585,4.376045196474036,3.8850301805607494,3.318397471339174,2.687175929959157,2.0036515657198155,1.2811284028736112,0.5336695329274321,-0.22417660743711354,-0.9776594051349743,-1.712113174582974,-2.4132426085875913,-3.0674010202388295,-3.6618559601480927,-4.185037039092464,-4.626761132479978,-4.978430583286554,-5.233200545670314,-5.386112212110003,-5.434189330952794,-5.37649613576734
-4.870639367097906,-4.441369828192354,-3.9256540775643414,-3.3335299356818484,-2.676522425435432,-1.9674194506770473,-1.2200228942176938,-0.4488799798778639,0.3309998726769102,1.1044371892167721,1.8563778921472098,2.5721863110055594,3.2379300491387637,3.8406511619563224,4.368618368582333,4.811555387893633,5.160840954642718,5.409676622579268,5.553219088473265,5.588674461503214,5.515352643162985,5.334680759244234,5.050175382456216,4.667374086338048,4.19372766268864,3.638455100379507,3.0123641482228187,2.327640954434419,1.5976128771202938,0.8364890824107362,0.05908397920425201,-0.7194711264503797,-1.4840225450149318,-2.219689152791398,-2.9121520360677646,-3.547933192485946,-4.114657865026549,-4.601295402578365,-4.9983739590149385,-5.298164851905398,-5.4948329925267245,-5.584550459228394,-5.565571003573183
-5.107755370366678,-4.701120567670989,-4.2029838005709665,-3.6230407346160387,-2.972579301909578,-2.2642599943502852,-1.5118694415585385,-0.7300520698128399,0.06597493504984908,0.8607178128471518,1.6387077974693827,2.384802198816381,3.0844791380356993,3.724120199376184,4.291275497159738,4.774905998644619,5.165598386240943,5.455748277030165,5.639708233428685,5.7138976841365485,5.6768726158849745,5.5293536795120914,5.274212163314095,4.91641410668461,4.462923641806657,3.9225674447413463,3.305862934218475,2.624813562044406,1.892675179566314,1.12369802760406,0.33284937172205,-0.46447781856996107,-1.2527644764591959,-2.016667498812643,-2.7413183822269636,-3.412612621534696,-4.017484237953562,-4.544160093501265,-4.982389041734448,-5.3236414546538064,-5.561275242210737,-5.690665133034862,-5.709292700080109
-5.300288667397129,-4.9180986824987425,-4.440183500999853,-3.875845198287868,-3.2360679774997925,-2.533304374502447,-1.7812328834464335,-0.9944917204364936,-0.1883939073058183,0.6213707789356542,1.419041189763926,2.1890915779688895,2.916533788663452,3.587208986669681,4.188063242140126,4.707401610453658,5.135115761009666,5.462880724385235,5.684316928395356,5.795114369208943,5.793116500670767,5.678362209019388,5.453085056010723,5.12166980517913,4.690567077402772,4.16816779690574,3.5646398714625396,2.8917302856390834,2.1625364591001066,1.3912513202334984,0.5928870569434614,-0.21701707851092777,-1.0226972233853704,-1.8084717301074862,-2.5590463917091437,-3.259812126168327,-3.897129325572963,-4.45859333557424,-4.933275897873301,-5.311937856338423,-5.587208986669681,-5.753731449431436,-5.8082640743025244
-5.447507809708975,-5.090984581157789,-4.635371128643497,-4.089535449766661,-3.4641016151377584,-2.7712429829273715,-2.024445258296489,-1.238244009485212,-0.4279417495109743,0.39068990984096574,1.2017172345010203,1.9893545001246102,2.738271243260493,3.4338906513836847,4.062673283970399,4.612380602306999,5.072313178724866,5.43351894878959,5.688967453052321,5.833686676945945,5.864859825393063,5.781880148518082,5.5863627513433824,5.282113157607237,4.875053239572922,4.37310595552119,3.7860411383795403,3.1252853370373033,2.4036994115690034,1.6353282112220773,0.835127207401968,0.01867140243291887,-0.7981478201460819,-1.5994320032856488,-2.3695850618081784,-3.093616842465689,-3.7574348902215893,-4.3481187418581815,-4.854171408096253,-5.26574314941387,-5.574823190022212,-5.775395638504158,-5.863556580297786
-5.549162277845223,-5.218929826240396,-4.787116842012489,-4.262128073719502,-3.654181830570408,-2.975111094659473,-2.2381332054297154,-1.4575925991950422,-0.6486816110040505,0.17285522688074573,0.9910276343941982,1.7899108162814112,2.5539554201230694,3.26829018679328,3.9190114026025276,4.493453519269531,4.980435674411561,5.370479314312784,5.655992683190595,5.8314185880864216,5.8933425633054695,5.840559329107583,5.674096251106388,5.397193343766237,5.015240207206102,4.535671124763888,3.967820363127581,3.322740491451771,2.61298725567113,1.8523751951877983,1.0557087585756961,0.2384941518288426,-0.5833624723002824,-1.3938646094710938,-2.1772367575160105,-2.918231468645988,-3.6024261236778634,-4.21650365191136,-4.748511732762189,-5.1880954340868435,-5.526698759158085,-5.757731179408995,-5.876695911574837
-5.6054835661872815,-5.301565156037663,-4.894457810566755,-4.392085411176399,-3.804226065180619,-3.1423217860690977,-2.419255787729808,-1.6491017273450148,-0.8468497776628674,-0.028114860335851866,0.791167280767406,1.5950502506899868,2.3678873818256423,3.0946362785060524,3.761151600121918,4.35446038408796,4.86301454980299,5.27691566890317,5.588107626910766,5.790533426338758,5.880253079257207,5.855520294676653,5.7168164681158355,5.466841311785499,5.110460307761076,4.654610006908526,4.108163016811913,3.4817553065592333,2.787579189702328,2.039146014742197,1.2510231820993254,0.4385506062346798,-0.38245785833640245,-1.1960222157343665,-1.9863073611581346,-2.7379312931881,-3.4362645069468414,-4.067714740770835,-4.619991534122635,-5.082345447425219,-5.445777287675932,-5.703213267501904,-5.849642688384874
-5.617181007683911,-5.33900327226545,-4.956907911178556,-4.47833197599974,-3.9125904029352236,-3.2706947081831883,-2.565138661296464,-1.8096551081695709,-1.018948676814326,-0.20840956850184744,0.6061859949991444,1.4089828376338438,2.1843554320282106,2.917212032605641,3.593288419247889,4.199425534114489,4.723825607735282,5.156281789173498,5.488376810769064,5.713646820679102,5.827707194401546,5.828337876503642,5.715526591475675,5.491469082659772,5.160526374603387,4.729139890677098,4.205706078095675,3.600412980623886,2.9250419398933127,2.192738284988603,1.4177554735694136,0.6151776645301643,-0.199373877994943,-1.0100448347693234,-1.80105641774387,-2.557012486218362,-3.2631992152071883,-3.9058714833061154,-4.472520405845435,-4.952116806101533,-5.335325885676253,-5.614688915729527,-5.784768412652101
-5.585432386235968,-5.3318363649172795,-4.974462213629454,-4.520265813720223,-3.978087581473095,-3.358480399460144,-2.6735042166865433,-1.9364913154010988,-1.1617868133875875,-0.36446945256441543,0.4399418915750597,1.2357902672215277,2.0075853910071104,2.7403051487512906,3.4196879838259155,4.032510482132813,4.566844750817669,5.01229058113677,5.360177876690086,5.603735406985596,5.738222601738673,5.761021820680371,5.671689302947728,5.471963804384167,5.165732754634836,4.758956592750456,4.259552754021082,3.6772415661041387,3.023357053903258,2.310626335665824,1.5529219041031472,0.7649916140996074,-0.03782836750731766,-0.8399120629698631,-1.625647825512491,-2.379742202278532,-3.0875176039938377,-3.7351979875466403,-4.31017699099657,-4.801263302070414,-5.198898484325527,-5.495343021242618,-5.6848269571112535
-5.511869441558526,-5.281128402873607,-4.947596207021275,-4.5177646788065395,-4.000000000000002,-3.4043798711260207,-2.742497360485288,-2.0272352582672113,-1.272515327692882,-0.4930273337297475,0.29605687647414314,1.0793786763371749,1.8416915980403485,2.568158087680838,3.2446383013811166,3.857965321266379,4.396201434543701,4.848870487502646,5.2071617919308055,5.464101615137756,5.614688915729521,5.655992683190589,5.587208986669683,5.4096766225792745,5.126851056446309,4.744237166206259,4.269282096015798,3.7112303060628014,3.0809436396641896,2.3906899098409635,1.6539041202921392,0.8849269683299008,0.09872571951862774,-0.6893971131242536,-1.464101615137745,-2.2103090446035027,-2.9134953227053084,-3.559973728402482,-4.137161294886383,-4.633823722716546,-5.040294042680403,-5.34866077235298,-5.552921904103155
-5.3985584272705776,-5.188402276221052,-4.877259776584993,-4.471186963198473,-3.978087581473095,-3.4075592499818925,-2.770706653730998,-2.07992540409733,-1.3486607723529773,-0.5911459927536704,0.1778747711759734,0.9434334050142348,1.6906291807634974,2.404918782571392,3.072399375831087,3.680079210042722,4.2161304884589335,4.670119582694655,5.033210111435512,5.2983349305489105,5.460333687005836,5.516053259282712,5.464409129285224,5.306406491259465,5.045120686829256,4.685637346969644,4.234953405984749,3.7018409141404707,3.09667629968407,2.4312384034714025,1.718479217227849,0.9722717877621108,0.20714019389035032,-0.5620231482370266,-1.3202473490758067,-2.0527744370239454,-2.7453466055517093,-3.3844837251879043,-3.957745718906479,-4.45397469407557,-4.863512118145616,-5.178386810998992,-5.39247009490396
-5.247975937127789,-5.055621932615805,-4.764865997870167,-4.381367366430721,-3.912590402935225,-3.3676593177522074,-2.757180574604848,-2.0930364478192183,-1.3881537473704517,-0.6562522132306081,0.08842252376392912,0.8313762169125365,1.558148117675381,2.2545924376948925,2.907153680475542,3.5031304837040356,4.030922836819095,4.480257862022253,4.842389764158928,5.110270057672954,5.278684757360417,5.344355862660784,5.306005160209137,5.164379102805442,4.922234280559795,4.584283767001565,4.15710538446414,3.649013674255419,3.0698980635688446,2.4310303790321934,1.7448454534237419,1.0246990957967013,0.284608135847924,-0.461022397728196,-1.1976796547377226,-1.911025439608213,-2.5871752880559304,-3.2129687123899275,-3.776225355434981,-4.265982067329173,-4.6727062907654915,-4.9884816013766855,-5.207161791930792
-5.062980266121807,-4.885169704844801,-4.612274872061169,-4.249607355277767,-3.804226065180616,-3.2847998419677302,-2.7014387262353905,-2.065497178537879,-1.3893530777283356,-0.6861667996265215,0.030374934726848046,0.7463254555267405,1.4477496002674366,2.1209949458296924,2.752957537367349,3.331336941882938,3.844875662164382,4.283578251163054,4.638905862000876,4.9039424469120485,5.0735293702459385,5.144365815442122,5.115073031670109,4.986221169645969,4.760318184297172,4.441761020272725,4.036750030416943,3.5531682929542012,3.0004281763381275,2.3892881382061,1.7316433242388545,1.0402940426804048,0.3286966208981168,-0.3892985067230996,-1.099716381731426,-1.788729528278223,-2.4429270892067394,-3.049575853132227,-3.596868091917613,-4.074151384670637,-4.472135954999584,-4.7830754859436855,-5.000917893221627
