public/wind.json
{"header": {"parameterCategory":2,"parameterNumber":2,"nx":180,"ny":91,"lo1":0,"la1":90,"dx":2,"dy":2}, "data":
[rows 19 to 37 of 91, columns 0 to 43 of 180]
-17.642412876687846,-17.681269446112108,-17.700745172715397,-17.700745172715397,-17.681269446112108,-17.64241287668785,-17.584364769743,-17.507407929819628,-17.411917282906167,-17.298358049835684,-17.16728347977677,-17.019332154859182,-16.8552248790659,-16.67576116654859,-16.481815346475006,-16.274332303385172,-16.054322873808907,-15.822858921571836,-15.581068115782578,-15.330128436942216,-15.071262437941689,-14.805731287907012,-14.534828627910052,-14.25987426847928,-13.982207759615518,-13.703181864639017,-13.424155969662515,-13.146489460798755,-12.871535101367979,-12.600632441371019,-12.335101291336343,-12.076235292335813,-11.825295613495454,-11.583504807706195,-11.352040855469124,-11.132031425892858,-10.924548382803026,-10.730602562729437,-10.551138850212126,-10.38703157441885,-10.23908024950126,-10.108005679442348,-9.994446446371864,-9.8989557994584
-16.749151539910216,-16.835427840519856,-16.902971459701803,-16.95145333173286,-16.980637257805878,-16.99038105676658,-16.980637257805878,-16.95145333173286,-16.902971459701803,-16.835427840519856,-16.749151539910212,-16.64456288733698,-16.522171428202288,-16.38257344139228,-16.22644903426637,-16.05455882924249,-15.867740258121184,-15.666903482202013,-15.453026958069213,-15.227152670649566,-14.990381056766578,-14.743865643922888,-14.488807430430226,-14.22644903426637,-13.958068639165251,-13.684973767434302,-13.408494909837193,-13.129979043576583,-12.850783069956575,-12.572267203695965,-12.29578834609886,-12.022693474367907,-11.754313079266792,-11.491954683102929,-11.23689646961027,-10.99038105676658,-10.753609442883592,-10.527735155463947,-10.313858631331147,-10.113021855411976,-9.926203284290667,-9.75431307926679,-9.598188672140875,-9.458590685330872
-15.599356530761964,-15.730431100820878,-15.84399033389136,-15.939480980804825,-16.016437820728196,-16.07448592767304,-16.113342497097303,-16.132818223700593,-16.132818223700593,-16.113342497097303,-16.074485927673045,-16.016437820728196,-15.939480980804825,-15.84399033389136,-15.73043110082088,-15.599356530761966,-15.45140520584438,-15.2872979300511,-15.107834217533789,-14.913888397460202,-14.70640535437037,-14.486395924794104,-14.254931972557035,-14.013141166767777,-13.762201487927415,-13.503335488926888,-13.23780433889221,-12.966901678895251,-12.691947319464475,-12.414280810600713,-12.135254915624213,-11.856229020647714,-11.57856251178395,-11.303608152353178,-11.032705492356214,-10.767174342321539,-10.508308343321012,-10.25736866448065,-10.015577858691396,-9.78411390645432,-9.564104476878057,-9.356621433788224,-9.162675613714637,-8.983211901197325
-14.211350154636824,-14.383240359660702,-14.539364766786615,-14.67896275359662,-14.801354212731315,-14.905942865304546,-14.992219165914186,-15.059762785096135,-15.108244657127193,-15.137428583200208,-15.147172382160912,-15.13742858320021,-15.108244657127194,-15.059762785096135,-14.992219165914188,-14.905942865304546,-14.801354212731317,-14.67896275359662,-14.539364766786615,-14.383240359660702,-14.211350154636825,-14.024531583515516,-13.823694807596347,-13.609818283463547,-13.383943996043902,-13.147172382160914,-12.900656969317223,-12.645598755824562,-12.383240359660702,-12.114859964559583,-11.841765092828634,-11.565286235231529,-11.286770368970915,-11.007574395350911,-10.729058529090297,-10.452579671493192,-10.179484799762243,-9.911104404661124,-9.648746008497268,-9.393687795004602,-9.147172382160916,-8.910400768277928,-8.684526480858281,-8.470649956725481
-12.608109534129026,-12.815592577218858,-13.009538397292447,-13.189002109809758,-13.353109385603037,-13.501060710520623,-13.632135280579536,-13.745694513650019,-13.841185160563484,-13.918142000486855,-13.976190107431702,-14.015046676855963,-14.034522403459253,-14.034522403459253,-14.015046676855963,-13.976190107431702,-13.918142000486856,-13.841185160563484,-13.745694513650019,-13.632135280579536,-13.501060710520623,-13.353109385603036,-13.189002109809758,-13.009538397292447,-12.81559257721886,-12.608109534129028,-12.388100104552763,-12.15663615231569,-11.914845346526432,-11.66390566768607,-11.405039668685543,-11.139508518650867,-10.868605858653906,-10.593651499223133,-10.315984990359368,-10.036959095382871,-9.757933200406368,-9.480266691542608,-9.205312332111834,-8.934409672114871,-8.668878522080197,-8.41001252307967,-8.159072844239308,-7.91728203845005
-10.816778784387095,-11.053550398270083,-11.27942468568973,-11.493301209822528,-11.6941379857417,-11.880956556863007,-12.052846761886885,-12.208971169012798,-12.348569155822803,-12.470960614957498,-12.575549267530729,-12.66182556814037,-12.729369187322318,-12.777851059353377,-12.807034985426393,-12.816778784387095,-12.807034985426393,-12.777851059353377,-12.729369187322318,-12.66182556814037,-12.575549267530729,-12.470960614957498,-12.348569155822803,-12.208971169012798,-12.052846761886885,-11.880956556863008,-11.6941379857417,-11.493301209822528,-11.279424685689728,-11.053550398270081,-10.816778784387093,-10.570263371543406,-10.315205158050741,-10.052846761886885,-9.784466366785763,-9.511371495054817,-9.234892637457708,-8.956376771197098,-8.677180797577094,-8.39866493131648,-8.122186073719375,-7.849091201988426,-7.580710806887306,-7.318352410723447
-8.86808057330267,-9.126946572303197,-9.37788625114356,-9.619677056932815,-9.851141009169888,-10.071150438746153,-10.278633481835985,-10.472579301909574,-10.652043014426885,-10.816150290220161,-10.96410161513775,-11.095176185196664,-11.208735418267146,-11.304226065180611,-11.381182905103982,-11.439231012048829,-11.47808758147309,-11.49756330807638,-11.49756330807638,-11.47808758147309,-11.439231012048829,-11.381182905103984,-11.304226065180611,-11.208735418267146,-11.095176185196664,-10.96410161513775,-10.816150290220163,-10.652043014426885,-10.472579301909573,-10.278633481835987,-10.071150438746155,-9.85114100916989,-9.619677056932817,-9.37788625114356,-9.126946572303197,-8.86808057330267,-8.602549423267995,-8.331646763271033,-8.05669240384026,-7.779025894976499,-7.499999999999997,-7.220974105023499,-6.943307596159735,-6.668353236728962
-6.795642356804718,-7.068737228535668,-7.337117623636787,-7.599476019800644,-7.854534233293306,-8.101049646136996,-8.337821260019984,-8.563695547439629,-8.777572071572429,-8.9784088474916,-9.16522741861291,-9.337117623636788,-9.493242030762701,-9.632840017572706,-9.7552314767074,-9.859820129280632,-9.946096429890272,-10.01364004907222,-10.062121921103278,-10.091305847176294,-10.101049646136998,-10.091305847176296,-10.06212192110328,-10.01364004907222,-9.946096429890273,-9.859820129280632,-9.755231476707403,-9.632840017572706,-9.493242030762701,-9.337117623636788,-9.165227418612913,-8.978408847491602,-8.777572071572433,-8.56369554743963,-8.337821260019988,-8.101049646137,-7.854534233293309,-7.5994760198006475,-7.3371176236367885,-7.068737228535673,-6.795642356804719,-6.519163499207615,-6.2406476329470015,-5.961451659326997
-4.635254915624209,-4.914280810600711,-5.191947319464472,-5.466901678895246,-5.7378043388922055,-6.003335488926885,-6.262201487927411,-6.513141166767772,-6.75493197255703,-6.9863959247941025,-7.206405354370367,-7.4138883974602,-7.607834217533786,-7.787297930051098,-7.951405205844376,-8.099356530761964,-8.230431100820876,-8.343990333891359,-8.439480980804824,-8.516437820728196,-8.574485927673042,-8.613342497097303,-8.632818223700593,-8.632818223700593,-8.613342497097303,-8.574485927673042,-8.516437820728196,-8.439480980804824,-8.343990333891359,-8.230431100820878,-8.099356530761966,-7.9514052058443765,-7.7872979300511,-7.607834217533786,-7.4138883974602,-7.206405354370368,-6.986395924794103,-6.75493197255703,-6.513141166767773,-6.262201487927413,-6.003335488926885,-5.737804338892209,-5.466901678895246,-5.191947319464473
-2.424082651598672,-2.70056150919578,-2.9790773754563906,-3.258273349076397,-3.5367892153370075,-3.8132680729341155,-4.0863629446650656,-4.354743339766182,-4.617101735930041,-4.872159949422703,-5.118675362266394,-5.3554469761493815,-5.581321263569026,-5.795197787701826,-5.996034563620999,-6.182853134742305,-6.354743339766182,-6.510867746892098,-6.650465733702101,-6.772857192836797,-6.877445845410027,-6.963722146019669,-7.031265765201616,-7.079747637232675,-7.10893156330569,-7.118675362266393,-7.10893156330569,-7.079747637232675,-7.031265765201615,-6.963722146019668,-6.877445845410028,-6.772857192836796,-6.650465733702102,-6.510867746892096,-6.354743339766184,-6.182853134742306,-5.996034563620998,-5.7951977877018255,-5.581321263569026,-5.355446976149382,-5.1186753622663925,-4.872159949422705,-4.6171017359300395,-4.354743339766184
-0.19984637571212782,-0.46537752574680646,-0.7362801857437661,-1.0112345451745404,-1.2889010540383012,-1.567926949014803,-1.8469528439913043,-2.124619352855065,-2.3995737122858394,-2.670476372282799,-2.936007522317478,-3.1948735213180024,-3.4458132001583652,-3.6876040059476223,-3.919067958184695,-4.139077387760961,-4.346560430850793,-4.5405062509243805,-4.719969963441692,-4.884077239234969,-5.032028564152557,-5.163103134211471,-5.276662367281952,-5.372153014195417,-5.449109854118789,-5.507157961063635,-5.546014530487897,-5.565490257091186,-5.565490257091186,-5.546014530487897,-5.507157961063636,-5.44910985411879,-5.372153014195418,-5.276662367281953,-5.163103134211472,-5.03202856415256,-4.88407723923497,-4.7199699634416925,-4.540506250924381,-4.3465604308507935,-4.1390773877609615,-3.919067958184697,-3.687604005947623,-3.4458132001583666
2.000000000000002,1.7534845871563116,1.4984263736636498,1.2360679774997927,0.9676875823986736,0.6945927106677238,0.4181138530706159,0.13959798681000726,-0.1395979868100009,-0.4181138530706113,-0.6945927106677192,-0.9676875823986691,-1.2360679774997867,-1.4984263736636454,-1.7534845871563074,-1.9999999999999967,-2.2367716138829845,-2.4626459013026305,-2.6765224254354307,-2.8773592013546025,-3.0641777724759107,-3.2360679774997885,-3.392192384625701,-3.5317903714357053,-3.6541818305704012,-3.758770483143632,-3.845046783753274,-3.9125904029352214,-3.96107227496628,-3.990256201039296,-3.999999999999999,-3.9902562010392963,-3.9610722749662806,-3.9125904029352223,-3.8450467837532742,-3.7587704831436333,-3.6541818305704035,-3.5317903714357075,-3.3921923846257056,-3.2360679774997894,-3.064177772475914,-2.877359201354606,-2.6765224254354343,-2.4626459013026345
4.13907738776096,3.9190679581846948,3.6876040059476214,3.445813200158366,3.1948735213180033,2.9360075223174773,2.6704763722827987,2.3995737122858407,2.1246193528550648,1.8469528439913039,1.5679269490148022,1.2889010540383006,1.0112345451745415,0.7362801857437655,0.4653775257468058,0.19984637571212893,-0.059019623288397494,-0.3099593021287601,-0.5517501079180174,-0.7832140601550903,-1.0032234897313552,-1.2107065328211877,-1.4046523528947743,-1.5841160654120845,-1.7482233412053638,-1.8961746661229522,-2.0272492361818655,-2.1408084692523475,-2.2362991161658123,-2.313255956089184,-2.3713040630340303,-2.4101606324582914,-2.4296363590615813,-2.4296363590615813,-2.4101606324582914,-2.3713040630340307,-2.3132559560891846,-2.236299116165813,-2.1408084692523492,-2.0272492361818664,-1.8961746661229544,-1.7482233412053665,-1.5841160654120876,-1.4046523528947765
6.182853134742301,5.996034563620993,5.79519778770182,5.581321263569022,5.355446976149376,5.118675362266388,4.872159949422698,4.617101735930038,4.354743339766179,4.086362944665059,3.8132680729341097,3.5367892153370017,3.258273349076393,2.979077375456385,2.7005615091957744,2.4240826515986686,2.1509877798677186,1.8826073847665994,1.6202489886027405,1.3651907751100787,1.118675362266388,0.8819037483834005,0.6560294609637558,0.4421529368309569,0.2413161609117851,0.05449758979047692,-0.11739261523340083,-0.2735170223593153,-0.4131150091693194,-0.5355064683040154,-0.6400951208772452,-0.7263714214868862,-0.7939150406688342,-0.8423969126998925,-0.8715808387729087,-0.8813246377336115,-0.8715808387729087,-0.8423969126998929,-0.7939150406688347,-0.7263714214868866,-0.6400951208772456,-0.5355064683040158,-0.41311500916931987,-0.27351702235931574
8.099356530761966,7.951405205844379,7.7872979300511,7.60783421753379,7.413888397460202,7.20640535437037,6.986395924794104,6.754931972557031,6.513141166767776,6.262201487927413,6.003335488926887,5.737804338892211,5.466901678895251,5.191947319464475,4.914280810600713,4.635254915624213,4.356229020647711,4.07856251178395,3.8036081523531755,3.532705492356217,3.267174342321539,3.0083083433210125,2.7573686644806497,2.5155778586913926,2.2841139064543197,2.0641044768780548,1.8566214337882223,1.6626756137146357,1.4832119011973233,1.3191046254040462,1.1711533004864578,1.0400787304275445,0.9265194973570625,0.8310288504435976,0.7540720105202259,0.6960239035753797,0.6571673341511186,0.6376916075478287,0.6376916075478287,0.6571673341511182,0.6960239035753792,0.7540720105202245,0.8310288504435972,0.9265194973570607
9.859820129280639,9.75523147670741,9.632840017572713,9.49324203076271,9.337117623636797,9.165227418612918,8.978408847491611,8.777572071572438,8.56369554743964,8.337821260019993,8.101049646137005,7.854534233293316,7.599476019800655,7.337117623636796,7.068737228535677,6.795642356804727,6.519163499207619,6.240647632947009,5.961451659327002,5.6829357930663935,5.4064569354692855,5.1333620637383355,4.864981668637217,4.602623272473358,4.347565058980696,4.101049646137005,3.864278032254018,3.638403744834373,3.424527220701573,3.223690444782401,3.0368718736610942,2.8649816686372165,2.708857261511302,2.569259274701298,2.446867815566602,2.342279162993372,2.256002862383731,2.188459243201783,2.139977371170725,2.110793445097709,2.101049646137006,2.1107934450977086,2.1399773711707244,2.1884592432017826
11.439231012048834,11.381182905103987,11.304226065180616,11.208735418267151,11.095176185196669,10.964101615137757,10.816150290220168,10.65204301442689,10.47257930190958,10.278633481835993,10.071150438746159,9.851141009169895,9.619677056932822,9.377886251143565,9.126946572303202,8.868080573302677,8.602549423267998,8.331646763271038,8.056692403840264,7.779025894976504,7.500000000000003,7.220974105023501,6.943307596159739,6.668353236728965,6.397450576732005,6.131919426697327,5.873053427696801,5.62211374885644,5.380322943067183,5.14885899083011,4.928849561253845,4.721366518164013,4.527420698090424,4.347956985573113,4.183849709779834,4.035898384862248,3.9048238148033345,3.7912645817328525,3.6957739348193877,3.618817094896016,3.5607689879511697,3.5219124185269086,3.5024366919236187,3.5024366919236187
12.816778784387097,12.807034985426395,12.777851059353377,12.72936918732232,12.661825568140372,12.57554926753073,12.470960614957502,12.348569155822805,12.208971169012802,12.052846761886887,11.880956556863008,11.694137985741701,11.49330120982253,11.27942468568973,11.053550398270085,10.816778784387099,10.570263371543408,10.315205158050746,10.052846761886887,9.784466366785768,9.511371495054817,9.23489263745771,8.956376771197101,8.677180797577096,8.398664931316485,8.122186073719377,7.8490912019884265,7.580710806887308,7.318352410723449,7.063294197230787,6.816778784387098,6.5800071705041105,6.354132883084464,6.140256358951664,5.9394195830324925,5.752601011911185,5.580710806887307,5.4245863997613935,5.284988412951389,5.162596953816695,5.058008301243463,4.971732000633822,4.904188381451874,4.855706509420816
13.976190107431705,14.015046676855967,14.034522403459256,14.034522403459256,14.015046676855967,13.976190107431705,13.918142000486858,13.841185160563487,13.745694513650022,13.63213528057954,13.501060710520628,13.35310938560304,13.18900210980976,13.009538397292449,12.815592577218862,12.608109534129031,12.388100104552766,12.156636152315691,11.914845346526436,11.663905667686075,11.405039668685548,11.139508518650869,10.868605858653911,10.593651499223135,10.315984990359375,10.036959095382873,9.757933200406372,9.48026669154261,9.205312332111834,8.934409672114874,8.668878522080199,8.410012523079674,8.159072844239311,7.917282038450054,7.685818086212981,7.465808656636716,7.258325613546884,7.064379793473295,6.884916080955986,6.720808805162707,6.572857480245119,6.441782910186205,6.328223677115723,6.232733030202258
